Fling
v0
BEGIN
12 3
9 7
8 11
5 1
4 13
5 9
11 12
4 14
11 2
0 4
14 12
12 0
7 3
5 13
0 1
6 14
6 5
9 6
7 5
9 5
4 9
10 12
2 8
1 12
8 14
3 1
0 0
14 5
0 2
5 2
12 10
3 14
0 6
10 11
8 2
9 4
11 0
10 8
5 6
6 0
11 9
1 8
7 1
8 12
13 0
11 10
14 9
4 2
10 6
13 3
7 11
2 14
12 8
13 10
9 10
4 6
9 11
3 9
2 10
5 10
1 9
2 0
12 12
1 3
7 10
6 10
10 9
0 13
10 10
6 12
11 13
3 10
3 13
4 7
2 12
6 6
13 6
7 13
4 11
3 6
8 7
10 5
0 5
7 4
4 12
13 2
7 7
8 8
3 12
14 0
1 4
5 11
14 2
14 8
6 1
0 12
2 4
12 4
5 5
1 0
10 3
9 2
1 10
11 8
10 1
0 3
6 3
1 1
4 8
8 5
3 3
4 3
12 13
11 3
1 6
5 0
2 3
12 1
9 9
6 8
5 3
3 2
12 14
8 10
0 11
6 13
14 10
5 4
3 5
13 11
12 11
7 6
2 1
2 11
7 9
7 12
13 5
5 12
9 3
13 9
12 5
13 13
3 11
9 13
0 10
2 2
12 2
7 14
4 4
13 8
1 2
12 7
6 9
11 5
14 6
13 7
7 0
10 13
0 8
6 4
5 8
9 0
4 1
14 7
8 9
6 2
2 5
0 7
9 8
14 13
10 7
4 10
13 1
2 13
11 7
14 1
5 14
5 7
11 11
11 1
1 7
13 12
14 11
1 13
12 6
6 11
8 4
13 4
9 14
11 14
14 4
2 7
7 8
11 6
7 2
2 9
13 14
10 4
3 8
10 2
3 0
1 5
8 3
4 0
0 9
2 6
1 14
8 6
0 14
11 4
3 4
8 13
9 1
14 14
10 0
12 9
14 3
1 11
9 12
4 5
10 14
3 7
8 1
8 0
END
