Fling
v0
BEGIN
14 9
3 4
1 0
11 11
4 4
5 3
12 12
0 11
5 5
4 0
11 1
5 14
11 9
0 2
0 4
3 8
2 5
6 13
8 12
6 0
14 10
12 14
2 8
10 0
12 1
7 4
14 14
12 2
0 12
13 9
4 14
10 6
13 1
13 8
12 0
7 10
10 4
1 1
14 3
8 8
7 3
5 4
1 9
9 5
6 4
13 6
1 12
10 14
10 10
14 5
8 14
3 1
2 1
10 11
1 13
11 7
1 2
10 1
3 3
3 12
7 14
10 3
2 6
12 7
0 8
6 12
6 1
9 1
0 9
8 6
7 9
6 8
5 6
2 0
7 8
6 9
12 4
3 14
4 10
5 8
3 13
6 14
6 3
4 2
9 13
3 5
8 3
12 11
8 10
0 1
1 11
0 0
4 5
5 1
14 8
12 9
6 2
11 2
12 8
7 1
5 7
3 2
0 5
11 0
9 6
11 8
13 2
11 4
13 14
9 7
8 13
9 3
9 11
12 3
8 11
9 14
5 2
7 5
9 0
2 13
4 3
2 4
9 9
9 4
4 9
9 8
4 11
14 13
1 3
1 8
0 13
0 6
5 9
8 1
4 7
7 7
4 12
12 13
5 11
1 5
2 12
7 13
3 10
8 2
14 4
0 7
11 13
6 5
13 13
5 0
1 4
10 7
0 10
2 10
11 10
3 9
7 2
14 6
2 3
7 11
11 5
0 3
1 7
5 10
9 2
14 0
10 5
10 13
1 14
4 6
5 13
11 12
3 0
14 1
8 7
14 7
10 8
14 12
13 12
13 7
12 6
8 0
5 12
4 8
13 0
7 6
10 9
6 10
7 0
13 11
1 6
2 9
2 7
8 9
7 12
8 5
13 10
13 4
2 11
3 6
12 10
13 5
11 3
9 12
8 4
4 13
6 7
14 2
14 11
6 6
2 14
11 14
4 1
2 2
10 12
3 7
12 5
11 6
9 10
10 2
1 10
13 3
6 11
3 11
0 14
END
