Fling
v0
BEGIN
14 9
5 9
11 7
3 12
14 5
1 12
11 1
2 6
14 8
13 10
6 6
7 5
9 6
4 7
4 6
7 11
1 6
4 12
10 2
1 10
10 1
11 12
12 8
6 5
4 2
7 6
2 1
2 10
6 0
7 7
12 3
13 4
1 3
5 10
3 7
3 9
6 11
6 1
12 10
14 2
3 10
2 2
11 8
8 7
7 1
5 5
5 8
6 4
8 0
3 3
12 6
8 1
12 4
2 7
11 2
4 0
13 3
2 0
0 14
1 8
6 10
10 7
10 10
3 13
13 13
9 1
2 4
3 0
14 3
6 12
10 9
4 1
8 12
5 6
3 6
9 10
13 2
13 6
2 12
4 10
7 2
13 8
9 4
4 5
13 11
1 2
10 3
1 7
3 11
12 7
13 1
14 6
6 2
1 11
6 3
10 5
14 11
12 5
11 0
9 7
2 8
8 9
12 1
13 12
9 2
10 8
10 0
9 12
11 3
12 13
6 13
10 11
12 12
8 11
8 4
13 7
14 12
10 13
12 11
4 13
7 3
11 6
12 9
2 13
5 0
3 2
14 0
7 10
11 9
1 0
12 0
13 9
8 8
9 3
3 8
2 9
1 5
14 1
11 4
14 4
1 1
9 8
5 4
7 9
10 6
6 7
7 13
13 5
14 7
1 13
5 13
10 4
12 2
4 4
11 5
2 5
4 11
3 1
6 8
8 13
3 5
5 11
1 4
4 9
8 6
9 0
11 10
14 13
2 11
9 13
7 4
8 3
9 11
2 3
4 3
5 2
7 12
5 7
9 5
11 11
3 4
8 2
1 9
8 10
13 0
8 5
10 12
7 0
5 1
6 9
7 8
14 10
11 13
4 8
5 12
9 9
END
